0.000000000000000000e+00 1.000000000000000000e+00
4.081632653061224164e-02 9.983354144504305028e-01
8.163265306122448328e-02 9.933582644304761455e-01
1.224489795918367319e-01 9.851180940075824344e-01
1.632653061224489666e-01 9.736965636378206446e-01
2.040816326530612013e-01 9.592061029126226490e-01
2.448979591836734637e-01 9.417880681856857228e-01
2.857142857142856984e-01 9.216104472977247886e-01
3.265306122448979331e-01 8.988651635086974956e-01
3.673469387755101678e-01 8.737650391199996980e-01
4.081632653061224025e-01 8.465404859002667592e-01
4.489795918367346372e-01 8.174359941563501541e-01
4.897959183673469274e-01 7.867064950201448914e-01
5.306122448979591066e-01 7.546136712243218803e-01
5.714285714285713969e-01 7.214222903547561350e-01
6.122448979591835760e-01 6.873966313972348363e-01
6.530612244897958663e-01 6.527970705013769193e-01
6.938775510204081565e-01 6.178768854762032303e-01
7.346938775510203357e-01 5.828793308605147994e-01
7.755102040816326259e-01 5.480350267582262402e-01
8.163265306122448051e-01 5.135596952935567172e-01
8.571428571428570953e-01 4.796522688300443038e-01
8.979591836734692745e-01 4.464933843130118318e-01
9.387755102040815647e-01 4.142442685249231316e-01
9.795918367346938549e-01 3.830460099505998972e-01
1.020408163265306145e+00 3.530192045661811329e-01
1.061224489795918213e+00 3.242639553857393775e-01
1.102040816326530503e+00 2.968601991740899004e-01
1.142857142857142794e+00 2.708683284704634930e-01
1.183673469387755084e+00 2.463300730272206529e-01
1.224489795918367152e+00 2.232696019687958611e-01
1.265306122448979442e+00 2.016948063957621218e-01
1.306122448979591733e+00 1.815987217378068341e-01
1.346938775510204023e+00 1.629610498064752167e-01
1.387755102040816313e+00 1.457497420972383162e-01
1.428571428571428381e+00 1.299226083050595282e-01
1.469387755102040671e+00 1.154289170998622355e-01
1.510204081632652962e+00 1.022109598035485512e-01
1.551020408163265252e+00 9.020555156362523863e-02
1.591836734693877320e+00 7.934544878027598169e-02
1.632653061224489610e+00 6.956066577379620142e-02
1.673469387755101900e+00 6.077967785105425208e-02
1.714285714285714191e+00 5.293050193270876919e-02
1.755102040816326481e+00 4.594164964513831884e-02
1.795918367346938549e+00 3.974295118943282218e-02
1.836734693877550839e+00 3.426625132071461910e-02
1.877551020408163129e+00 2.944598136961549747e-02
1.918367346938775420e+00 2.521961339661616189e-02
1.959183673469387710e+00 2.152800428770049526e-02
2.000000000000000000e+00 1.831563888873417867e-02
