x 0 84 91 13 100
0.000000000000000000e+00 0.000000000000000000e+00 0.000000000000000000e+00 0.000000000000000000e+00 0.000000000000000000e+00 0.000000000000000000e+00
1.010101010101010222e-01 0.000000000000000000e+00 5.050505050505051108e-02 1.010101010101010222e-01 1.515151515151515471e-01 1.006676984541727271e-01
2.020202020202020443e-01 0.000000000000000000e+00 1.010101010101010222e-01 2.020202020202020443e-01 3.030303030303030942e-01 1.993053511016078527e-01
3.030303030303030387e-01 0.000000000000000000e+00 1.515151515151515194e-01 3.030303030303030387e-01 4.545454545454545858e-01 2.940104820304560995e-01
4.040404040404040886e-01 0.000000000000000000e+00 2.020202020202020443e-01 4.040404040404040886e-01 6.060606060606061884e-01 3.831313150543950719e-01
5.050505050505050830e-01 0.000000000000000000e+00 2.525252525252525415e-01 5.050505050505050830e-01 7.575757575757575690e-01 4.653809765226357698e-01
6.060606060606060774e-01 0.000000000000000000e+00 3.030303030303030387e-01 6.060606060606060774e-01 9.090909090909091717e-01 5.399216599647498338e-01
7.070707070707071829e-01 0.000000000000000000e+00 3.535353535353535914e-01 7.070707070707071829e-01 1.060606060606060774e+00 6.063963063863612168e-01
8.080808080808081773e-01 0.000000000000000000e+00 4.040404040404040886e-01 8.080808080808081773e-01 1.212121212121212377e+00 6.648920270157803181e-01
9.090909090909091717e-01 0.000000000000000000e+00 4.545454545454545858e-01 9.090909090909091717e-01 1.363636363636363757e+00 7.158523800098636203e-01
1.000000000000000000e+00 0.000000000000000000e+00 5.000000000000000000e-01 1.000000000000000000e+00 1.500000000000000000e+00 7.558322586294153878e-01
1.101010101010100994e+00 0.000000000000000000e+00 4.753367238636415637e-01 9.130984915078319553e-01 1.399771068459114920e+00 7.008533221553132631e-01
1.202020202020201989e+00 0.000000000000000000e+00 4.535376996781060877e-01 8.386617980286222851e-01 1.304224493511652039e+00 6.551189412900445541e-01
1.303030303030302983e+00 0.000000000000000000e+00 4.347284437216819009e-01 7.781715608441025500e-01 1.218242817176235615e+00 6.189336200342808736e-01
1.404040404040403978e+00 0.000000000000000000e+00 4.190657708625977751e-01 7.319486330584460410e-01 1.147138334682327621e+00 5.924374249065016418e-01
1.505050505050505194e+00 0.000000000000000000e+00 4.067331217405181776e-01 7.000447953362695097e-01 1.096462105560237488e+00 5.755447686408976526e-01
1.606060606060605966e+00 0.000000000000000000e+00 3.979371671780010944e-01 6.825235527489939003e-01 1.069311188816192137e+00 5.678626970764217852e-01
1.707070707070707183e+00 0.000000000000000000e+00 3.929002691961450688e-01 6.793703779258181141e-01 1.062334231600231993e+00 5.686559723355681939e-01
1.808080808080808177e+00 0.000000000000000000e+00 3.918510326876226135e-01 6.901125087841574191e-01 1.064956766088220874e+00 5.768712576708503459e-01
1.909090909090909172e+00 0.000000000000000000e+00 3.950137951851470097e-01 7.132150063405516827e-01 1.068713031707182459e+00 5.912228185722731011e-01
2.000000000000000000e+00 0.000000000000000000e+00 4.016323907535411797e-01 7.418984169204094758e-01 1.071925416313669333e+00 6.082310733135168901e-01
2.101010101010101216e+00 0.000000000000000000e+00 4.093612824537702366e-01 7.695264099837333394e-01 1.075308770651046908e+00 6.236410103861629306e-01
2.202020202020201989e+00 0.000000000000000000e+00 4.142021236304671561e-01 7.836810383640239186e-01 1.078515675116560102e+00 6.304075398732242874e-01
2.303030303030303205e+00 0.000000000000000000e+00 4.167685588497484495e-01 7.868243429850459991e-01 1.081542364088822872e+00 6.310904582505442173e-01
2.404040404040403978e+00 0.000000000000000000e+00 4.176008598838154007e-01 7.822055413416719727e-01 1.084120052862727057e+00 6.278581680282518951e-01
2.505050505050505194e+00 0.000000000000000000e+00 4.171769763553405119e-01 7.729332353581194193e-01 1.085455768856677494e+00 6.224801228282518251e-01
2.606060606060605966e+00 0.000000000000000000e+00 4.159212640992460686e-01 7.616716915545634903e-01 1.085219407675553693e+00 6.163675786946074542e-01
2.707070707070707183e+00 0.000000000000000000e+00 4.142162434321789988e-01 7.506281543242562249e-01 1.084118486621755251e+00 6.106300016070376202e-01
2.808080808080807955e+00 0.000000000000000000e+00 4.124131701815415552e-01 7.416304495721387502e-01 1.083011164649474001e+00 6.061203775361223567e-01
2.909090909090909172e+00 0.000000000000000000e+00 4.108449665976329213e-01 7.361435648459686565e-01 1.082160637721338414e+00 6.034756899243067796e-01
3.000000000000000000e+00 0.000000000000000000e+00 4.099024367915921618e-01 7.350646754078069556e-01 1.081604014899799848e+00 6.030596725801403712e-01
3.101010101010101216e+00 0.000000000000000000e+00 4.095659306287980361e-01 7.380997409266754072e-01 1.081195749234938885e+00 6.047404726845275746e-01
3.202020202020201989e+00 0.000000000000000000e+00 4.097708261184078715e-01 7.435642413782029836e-01 1.080978959054250454e+00 6.075456392037500430e-01
3.303030303030303205e+00 0.000000000000000000e+00 4.102638751829508768e-01 7.494224047935241773e-01 1.080931329184553036e+00 6.104425364806321808e-01
3.404040404040403978e+00 0.000000000000000000e+00 4.108535418812963580e-01 7.543240690360188960e-01 1.081026834925345126e+00 6.128045788808849093e-01
3.505050505050505194e+00 0.000000000000000000e+00 4.114070245787492808e-01 7.575512907054602341e-01 1.081214712801391808e+00 6.143270705237749985e-01
3.606060606060605966e+00 0.000000000000000000e+00 4.118405567555211144e-01 7.588840040579331037e-01 1.081419387957154976e+00 6.149443656888216037e-01
3.707070707070707183e+00 0.000000000000000000e+00 4.121108799107730536e-01 7.584753438104786527e-01 1.081579375273330479e+00 6.147557304072489570e-01
3.808080808080807955e+00 0.000000000000000000e+00 4.122093146306574085e-01 7.567322485624395911e-01 1.081675909439816063e+00 6.139630721437020489e-01
3.909090909090909172e+00 0.000000000000000000e+00 4.121568207149007845e-01 7.542293306249150397e-01 1.081719310658905808e+00 6.128314805834701451e-01
4.000000000000000000e+00 0.000000000000000000e+00 4.120190940903883936e-01 7.518744994074921806e-01 1.081726841649272464e+00 6.117683846220794974e-01
4.101010101010101216e+00 0.000000000000000000e+00 4.118250885563692343e-01 7.497484766050077631e-01 1.081709476949447524e+00 6.108047213986583790e-01
4.202020202020202433e+00 0.000000000000000000e+00 4.116443677107037846e-01 7.485211518779555373e-01 1.081678833217806890e+00 6.102390906393908576e-01
4.303030303030302761e+00 0.000000000000000000e+00 4.115080795158370663e-01 7.482566026493499001e-01 1.081643282855661914e+00 6.100948143710152038e-01
4.404040404040403978e+00 0.000000000000000000e+00 4.114290529736375213e-01 7.487768732162607410e-01 1.081610766132872214e+00 6.102903467015794448e-01
4.505050505050505194e+00 0.000000000000000000e+00 4.114043949499196495e-01 7.497869431017111230e-01 1.081586428608828809e+00 6.106997735643598935e-01
4.606060606060606410e+00 0.000000000000000000e+00 4.114234567021715638e-01 7.509704102333593090e-01 1.081572696690201729e+00 6.111885742347025197e-01
4.707070707070707627e+00 0.000000000000000000e+00 4.114705819024908617e-01 7.520482563299045742e-01 1.081568749138123176e+00 6.116409853305432298e-01
4.808080808080807955e+00 0.000000000000000000e+00 4.115294273053619056e-01 7.528223035433182497e-01 1.081571632275062589e+00 6.119751979814478382e-01
4.909090909090909172e+00 0.000000000000000000e+00 4.115850360309065148e-01 7.531894468988121760e-01 1.081578057969357909e+00 6.121484039913815955e-01
5.000000000000000000e+00 0.000000000000000000e+00 4.116235963773674511e-01 7.531690952232704683e-01 1.081585332284285661e+00 6.121651792026024941e-01
5.101010101010101216e+00 0.000000000000000000e+00 4.116478658413900149e-01 7.528342129094960367e-01 1.081591814339429414e+00 6.120540910782070743e-01
5.202020202020202433e+00 0.000000000000000000e+00 4.116550107105071965e-01 7.523153188293079108e-01 1.081596783715805365e+00 6.118644517656708359e-01
5.303030303030302761e+00 0.000000000000000000e+00 4.116486775890748073e-01 7.517651434578671577e-01 1.081599917181281567e+00 6.116546489149931043e-01
5.404040404040403978e+00 0.000000000000000000e+00 4.116338902305176073e-01 7.513116076992052417e-01 1.081601319556581453e+00 6.114746134023577584e-01
5.505050505050505194e+00 0.000000000000000000e+00 4.116161104097249002e-01 7.510298418028923395e-01 1.081601263265398849e+00 6.113545040135697217e-01
5.606060606060606410e+00 0.000000000000000000e+00 4.115994904087874051e-01 7.509412578391939652e-01 1.081600238114528434e+00 6.113044581937834288e-01
5.707070707070707627e+00 0.000000000000000000e+00 4.115869410015620122e-01 7.510220540194318950e-01 1.081598783485939963e+00 6.113190707663169743e-01
5.808080808080807955e+00 0.000000000000000000e+00 4.115797754538625952e-01 7.512196541164049002e-01 1.081597318808662056e+00 6.113806941270544248e-01
5.909090909090909172e+00 0.000000000000000000e+00 4.115778620372336771e-01 7.514696166028215218e-01 1.081595858750175942e+00 6.114656578665620401e-01
6.000000000000000000e+00 0.000000000000000000e+00 4.115797054937481714e-01 7.516865192509286642e-01 1.081594794569047835e+00 6.115430528895124951e-01
6.101010101010101216e+00 0.000000000000000000e+00 4.115844316113369539e-01 7.518688306618152017e-01 1.081594507431375529e+00 6.116119127239686426e-01
6.202020202020202433e+00 0.000000000000000000e+00 4.115898048586875135e-01 7.519660271958817921e-01 1.081594414353348688e+00 6.116541039355537501e-01
6.303030303030302761e+00 0.000000000000000000e+00 4.115947390237074677e-01 7.519751249558869199e-01 1.081594465862822263e+00 6.116669211511965853e-01
6.404040404040403978e+00 0.000000000000000000e+00 4.115984584356903730e-01 7.519132641091461622e-01 1.081594705394949951e+00 6.116546289963716854e-01
6.505050505050505194e+00 0.000000000000000000e+00 4.116006068410049679e-01 7.518087451266395327e-01 1.081594855484915740e+00 6.116260559665894769e-01
6.606060606060606410e+00 0.000000000000000000e+00 4.116012826501445065e-01 7.516931353262905624e-01 1.081595033191809163e+00 6.115904463230394938e-01
6.707070707070707627e+00 0.000000000000000000e+00 4.116007804764179046e-01 7.515935797566679621e-01 1.081595205004803217e+00 6.115571637650852876e-01
6.808080808080807955e+00 0.000000000000000000e+00 4.115996618891734626e-01 7.515279448041760624e-01 1.081595288351010709e+00 6.115322937165441619e-01
6.909090909090909172e+00 0.000000000000000000e+00 4.115981435130510180e-01 7.515030129142508120e-01 1.081595330448759995e+00 6.115192269452407459e-01
7.000000000000000000e+00 0.000000000000000000e+00 4.115968687565080275e-01 7.515124843001231847e-01 1.081595352565821067e+00 6.115173540899597748e-01
7.101010101010101216e+00 0.000000000000000000e+00 4.115956603181513684e-01 7.515503857656870013e-01 1.081595324369261313e+00 6.115251052155991074e-01
7.202020202020202433e+00 0.000000000000000000e+00 4.115949624254152117e-01 7.516014544007619813e-01 1.081595295445564542e+00 6.115381095244343257e-01
7.303030303030302761e+00 0.000000000000000000e+00 4.115946479742169650e-01 7.516529192261192094e-01 1.081595262380241840e+00 6.115528371423385456e-01
7.404040404040403978e+00 0.000000000000000000e+00 4.115947179052475979e-01 7.516942384161234836e-01 1.081595251783886935e+00 6.115657512334432555e-01
7.505050505050505194e+00 0.000000000000000000e+00 4.115949620272817411e-01 7.517180021859717343e-01 1.081595249565374006e+00 6.115747112715163025e-01
7.606060606060606410e+00 0.000000000000000000e+00 4.115953143072178522e-01 7.517226174436000274e-01 1.081595251781831690e+00 6.115787217051097402e-01
7.707070707070707627e+00 0.000000000000000000e+00 4.115956827219646730e-01 7.517114677189385974e-01 1.081595258433259543e+00 6.115782230005933906e-01
7.808080808080807955e+00 0.000000000000000000e+00 4.115959573198629262e-01 7.516903171789420801e-01 1.081595269519657787e+00 6.115743718595393341e-01
7.909090909090909172e+00 0.000000000000000000e+00 4.115961784490423936e-01 7.516656639480783220e-01 1.081595285041026422e+00 6.115687836804009070e-01
8.000000000000000000e+00 0.000000000000000000e+00 4.115962982419441585e-01 7.516453822379822736e-01 1.081595296097811909e+00 6.115635062380057052e-01
8.101010101010100328e+00 0.000000000000000000e+00 4.115962915404525746e-01 7.516298342216100048e-01 1.081595298044660147e+00 6.115584112496760261e-01
8.202020202020202433e+00 0.000000000000000000e+00 4.115962281933907563e-01 7.516224844653679460e-01 1.081595298683550199e+00 6.115552096393809256e-01
8.303030303030302761e+00 0.000000000000000000e+00 4.115961347554714655e-01 7.516224929311324798e-01 1.081595298066184485e+00 6.115540338919598362e-01
8.404040404040404866e+00 0.000000000000000000e+00 4.115960475546160402e-01 7.516291227842961664e-01 1.081595297172296855e+00 6.115543672184952095e-01
8.505050505050505194e+00 0.000000000000000000e+00 4.115959688965987184e-01 7.516395886427253981e-01 1.081595299948957534e+00 6.115560580222193510e-01
8.606060606060605522e+00 0.000000000000000000e+00 4.115959199656724632e-01 7.516505008944794897e-01 1.081595302738351583e+00 6.115579924449119353e-01
8.707070707070707627e+00 0.000000000000000000e+00 4.115958912759047905e-01 7.516596234641641505e-01 1.081595305540479224e+00 6.115601643824513101e-01
8.808080808080807955e+00 0.000000000000000000e+00 4.115958813248996595e-01 7.516654012525013639e-01 1.081595308355340013e+00 6.115617955870191746e-01
8.909090909090910060e+00 0.000000000000000000e+00 4.115958913632629113e-01 7.516673025286965126e-01 1.081595311182934394e+00 6.115628680946850748e-01
9.000000000000000000e+00 0.000000000000000000e+00 4.115958884324764644e-01 7.516660367159665457e-01 1.081595313738656472e+00 6.115632316221495390e-01
9.101010101010100328e+00 0.000000000000000000e+00 4.115959097457097537e-01 7.516621064038544464e-01 1.081595312988237190e+00 6.115629185019576530e-01
9.202020202020202433e+00 0.000000000000000000e+00 4.115959227053332392e-01 7.516573854450003811e-01 1.081595312287364719e+00 6.115623573167994209e-01
9.303030303030302761e+00 0.000000000000000000e+00 4.115959356649567247e-01 7.516530293743380886e-01 1.081595311586492469e+00 6.115615249382212459e-01
9.404040404040404866e+00 0.000000000000000000e+00 4.115959470971451983e-01 7.516495919258061598e-01 1.081595311275762583e+00 6.115608504523896150e-01
9.505050505050505194e+00 0.000000000000000000e+00 4.115959503470688619e-01 7.516476296529291945e-01 1.081595312626230321e+00 6.115602474473900152e-01
9.606060606060605522e+00 0.000000000000000000e+00 4.115959507763358172e-01 7.516472885656781955e-01 1.081595313976698058e+00 6.115599386464752873e-01
9.707070707070707627e+00 0.000000000000000000e+00 4.115959483849460643e-01 7.516482464279791165e-01 1.081595315327165796e+00 6.115598400832064074e-01
9.808080808080807955e+00 0.000000000000000000e+00 4.115959431728996032e-01 7.516499744666982341e-01 1.081595316677633756e+00 6.115599452271802683e-01
9.909090909090910060e+00 0.000000000000000000e+00 4.115959351401964339e-01 7.516520104643071853e-01 1.081595318028101493e+00 6.115601977368426700e-01
1.000000000000000000e+01 0.000000000000000000e+00 4.115959304810848374e-01 7.516536431010923947e-01 1.081595319243522368e+00 6.115604706038030303e-01
