0.000000000000000000e+00 0.000000000000000000e+00 1.000000000000000000e+00 0.000000000000000000e+00
6.122448979591836593e-02 6.130110340829497684e-02 9.962492265104431199e-01 6.107117685475055985e-02
1.224489795918367319e-01 1.230646623156002734e-01 9.849691962803770462e-01 1.212149015315128059e-01
1.836734693877550839e-01 1.857671933544927378e-01 9.660792100723143427e-01 1.794658234132592289e-01
2.448979591836734637e-01 2.499142537901880567e-01 9.394533323244007583e-01 2.347827785185581662e-01
3.061224489795918435e-01 3.160573621544857104e-01 9.049349139352459437e-01 2.860113418198703683e-01
3.673469387755101678e-01 3.848141100477700527e-01 8.623604853367528023e-01 3.318484827052256003e-01
4.285714285714285476e-01 4.568931069039418591e-01 8.115970456954614276e-01 3.708130957618598345e-01
4.897959183673469274e-01 5.331260317139763227e-01 7.525985212415765568e-01 4.012298631033284213e-01
5.510204081632652517e-01 6.145100702325438924e-01 6.854891373532036036e-01 4.212399779385630483e-01
6.122448979591836871e-01 7.022656216918375938e-01 6.106831664958690675e-01 4.288617935759614364e-01
6.734693877551020114e-01 7.979167687026347267e-01 5.290506157379055718e-01 4.221383577897288575e-01
7.346938775510203357e-01 9.034063479292193666e-01 4.421336666093239609e-01 3.994263610480843774e-01
7.959183673469387710e-01 1.021264903522333567e+00 3.524022489371557154e-01 3.598960487618577120e-01
8.571428571428570953e-01 1.154866006944290202e+00 2.634964209051962603e-01 3.043030594548959966e-01
9.183673469387755306e-01 1.308824785857761075e+00 1.803199835214678026e-01 2.360072638183600968e-01
9.795918367346938549e-01 1.489643573595319959e+00 1.087136436302515857e-01 1.619445805959360551e-01
1.040816326530612290e+00 1.706804602568710250e+00 5.430266623305993190e-02 9.268404065833918404e-02
1.102040816326530503e+00 1.974718543172734764e+00 2.025176508067835432e-02 3.999153603679361790e-02
1.163265306122448939e+00 2.316428995223046794e+00 4.673517448225068469e-03 1.082587132674937315e-02
1.224489795918367374e+00 2.771246081638447656e+00 4.620650642925022591e-04 1.280495998882614193e-03
1.285714285714285587e+00 3.412215939096705064e+00 8.778389327615884882e-06 2.995375998328733013e-05
1.346938775510204023e+00 4.392256833637877556e+00 4.184326438142716095e-09 1.837863639210398391e-08
1.408163265306122458e+00 6.094504409392104805e+00 7.396172116345846651e-17 4.507600357569269733e-16
1.469387755102040671e+00 9.827273291496970486e+00 1.142562514961909735e-42 1.122827408715078319e-41
1.530612244897959107e+00 2.487207972380219090e+01 2.170679448011047178e-269 5.398931228574969574e-268
